tileSetPath:/usr/images/Abyss.png
tileSetTileSize:[16, 16]
cellSize:[64, 64]
overlap:[0, 0]
extent:[15, 10]
--
12 12 12 12 12 12 12 12 12 12 12 12 12 12 12
12 12 12 12 12 12 12 12 12 12 12 12 12 12 12
12 12 12 12 16 23 23 23 23 17 12 12 12 12 12
12 12 12 12 13 . . . . 22 23 23 17 12 12
12 12 12 16 24 . . . . . . . 22 23 23
12 12 12 13 . . . . . . . . . . .
12 12 12 13 . . . . . 36 . . 0 1 1
12 12 12 13 . . . . . . . 0 67 12 12
12 12 12 68 1 1 1 1 1 1 1 67 12 12 12
12 12 12 12 12 12 12 12 12 12 12 12 12 12 12