tileSetPath:/usr/images/Abyss.png
tileSetTileSize:[16, 16]
cellSize:[64, 64]
overlap:[0, 0]
extent:[15, 10]
--
12 12 12 12 16 23 23 23 23 17 12 12 12 12 12
12 12 12 16 24 . . . . 22 17 12 12 12 12
12 12 12 99 . . . . . . 11 12 12 12 12
12 12 12 99 . . . . . . 11 12 12 12 12
12 12 12 99 . . . . . 0 67 12 12 12 12
12 12 12 68 2 . . . . 11 12 12 12 12 12
12 12 12 12 68 2 . . . 11 12 12 12 12 12
12 12 12 12 12 68 2 . 0 67 12 12 12 12 12
12 12 12 12 12 12 13 . 11 12 12 12 12 12 12
12 12 12 12 12 12 13 . 11 12 12 12 12 12 12