tileSetPath:/usr/images/Cliff.png
tileSetTileSize:[16, 16]
cellSize:[64, 64]
overlap:[0, 0]
extent:[15, 10]
--
12 12 12 12 12 12 12 12 12 12 12 12 12 12 12
12 12 12 12 12 16 23 23 23 23 23 23 17 12 12
12 12 12 12 12 13 . . . . . . 11 12 12
12 12 12 12 12 13 . . . . . . 22 17 12
12 12 12 12 12 13 . . . . . . . 22 23
12 12 12 12 12 13 . . . . . . . . .
12 12 12 12 12 13 . . . . . . . 0 92
12 12 12 12 12 13 . . 0 92 92 1 92 67 12
12 12 12 12 12 27 92 92 67 12 12 12 12 12 12
12 12 12 12 12 12 12 12 12 12 12 12 12 12 12