tileSetPath:/usr/images/Cliff.png
tileSetTileSize:[16, 16]
cellSize:[64, 64]
overlap:[0, 0]
extent:[15, 10]
--
12 12 12 12 12 12 13 . 15 23 17 12 12 12 12
12 12 12 12 12 12 13 . 14 . 11 12 12 12 12
12 12 12 12 16 23 18 . 25 . 22 17 12 12 12
12 12 16 23 24 . 25 . . . . 11 12 12 12
12 12 13 . . . . . . . . 11 12 12 12
12 12 13 . . . 33 34 35 . . 11 12 12 12
12 12 13 . . . . . . . . 11 12 12 12
12 12 13 . . . . 3 . . . 11 12 12 12
12 12 68 92 92 92 92 69 92 92 92 67 12 12 12
12 12 12 12 12 12 12 12 12 12 12 12 12 12 12